!!!! ENIGMA INITIALIZE
!!! SET ENIGMA ROTORS
!! GENERATE ROTOR
!! SUCCESS GENERATE ROTER
!!
$ DESCRIBE ROTOR WIRING
ANGLE::***, INITIAL_ANGLE::***
$ INDEX          :: $ 01 02 03 04 05 06 07 08 09 10 11 12 13 14 15 16 17 18 19 20 21 22 23 24 25 26 $
$ FORWARD ORDER:: $ 13 14 18 04 09 07 17 02 10 12 06 20 03 15 16 24 11 05 23 21 08 19 25 26 22 01 $
$ REVERSE ORDER:: $ 26 08 13 04 18 11 06 21 05 09 17 10 01 02 14 15 07 03 22 12 20 25 19 16 23 24 $
$
!! GENERATE ROTOR
!! SUCCESS GENERATE ROTER
!!
$ DESCRIBE ROTOR WIRING
ANGLE::***, INITIAL_ANGLE::***
$ INDEX          :: $ 01 02 03 04 05 06 07 08 09 10 11 12 13 14 15 16 17 18 19 20 21 22 23 24 25 26 $
$ FORWARD ORDER:: $ 13 20 23 08 05 11 25 22 10 02 18 19 06 07 14 24 09 17 16 21 04 12 26 01 03 15 $
$ REVERSE ORDER:: $ 24 10 25 21 05 13 14 04 17 09 06 22 01 15 26 19 18 11 12 02 20 08 03 16 07 23 $
$
!! GENERATE ROTOR
!! SUCCESS GENERATE ROTER
!!
$ DESCRIBE ROTOR WIRING
ANGLE::***, INITIAL_ANGLE::***
$ INDEX          :: $ 01 02 03 04 05 06 07 08 09 10 11 12 13 14 15 16 17 18 19 20 21 22 23 24 25 26 $
$ FORWARD ORDER:: $ 13 11 10 24 15 21 19 14 12 17 09 05 23 06 16 18 04 03 26 22 20 25 08 02 07 01 $
$ REVERSE ORDER:: $ 26 24 18 17 12 14 25 23 11 03 02 09 01 08 05 15 10 16 07 21 06 20 13 04 22 19 $
$
!!! SUCCESS SET ENIGMA ROTORS
!!!
!!!! SUCCESS ENIGMA INITIALIZE
 
!!!! SET DAILY KEY
!!! SET PLUG BOARD
!! SET WIRING OF PLUG BOARD SETTING NO. 1
!! SET WIRING OF PLUG BOARD SETTING NO. 2
$ DESCRIBE PLUG BOARD WIRING
$ FORWARD ORDER:: $ 04 02 01 03 05 06 07 08 09 10 11 12 13 14 15 16 17 18 19 20 21 22 23 24 25 26 $
$ REVERSE ORDER:: $ 03 02 04 01 05 06 07 08 09 10 11 12 13 14 15 16 17 18 19 20 21 22 23 24 25 26 $
$
!!! SUCCESS SET PLUG BOARD
!!!
!!! SET ORDER OF ROTORS
!!! SUCCESS SET ORDER OF ROTORS
!!!
!!! SET INITIAL ANGLE OF ROTORS
!! SET ANGLE OF ROTOR NO. 1
$ DESCRIBE ROTOR WIRING
ANGLE:: 00, INITIAL_ANGLE:: 00
$ INDEX          :: $ 01 02 03 04 05 06 07 08 09 10 11 12 13 14 15 16 17 18 19 20 21 22 23 24 25 26 $
$ FORWARD ORDER:: $ 13 14 18 04 09 07 17 02 10 12 06 20 03 15 16 24 11 05 23 21 08 19 25 26 22 01 $
$ REVERSE ORDER:: $ 26 08 13 04 18 11 06 21 05 09 17 10 01 02 14 15 07 03 22 12 20 25 19 16 23 24 $
$
!! SET ANGLE OF ROTOR NO. 2
$ DESCRIBE ROTOR WIRING
ANGLE:: 00, INITIAL_ANGLE:: 00
$ INDEX          :: $ 01 02 03 04 05 06 07 08 09 10 11 12 13 14 15 16 17 18 19 20 21 22 23 24 25 26 $
$ FORWARD ORDER:: $ 13 20 23 08 05 11 25 22 10 02 18 19 06 07 14 24 09 17 16 21 04 12 26 01 03 15 $
$ REVERSE ORDER:: $ 24 10 25 21 05 13 14 04 17 09 06 22 01 15 26 19 18 11 12 02 20 08 03 16 07 23 $
$
!! SET ANGLE OF ROTOR NO. 3
$ DESCRIBE ROTOR WIRING
ANGLE:: 00, INITIAL_ANGLE:: 00
$ INDEX          :: $ 01 02 03 04 05 06 07 08 09 10 11 12 13 14 15 16 17 18 19 20 21 22 23 24 25 26 $
$ FORWARD ORDER:: $ 13 11 10 24 15 21 19 14 12 17 09 05 23 06 16 18 04 03 26 22 20 25 08 02 07 01 $
$ REVERSE ORDER:: $ 26 24 18 17 12 14 25 23 11 03 02 09 01 08 05 15 10 16 07 21 06 20 13 04 22 19 $
$
!!! SUCCESS SET INITIAL ANGLE OF ROTORS
!!!
!!!! SUCCESS SET DAILY KEY
 
!!!! ENCRYPTING
!!! ENCRYPTED COMMUNICATION KEY:: before:: refref after:: gpipaa
!!!
$ DESCRIBE ROTOR WIRING
ANGLE:: 18, INITIAL_ANGLE:: 18
$ INDEX          :: $ 01 02 03 04 05 06 07 08 09 10 11 12 13 14 15 16 17 18 19 20 21 22 23 24 25 26 $
$ FORWARD ORDER:: $ 13 14 18 04 09 07 17 02 10 12 06 20 03 15 16 24 11 05 23 21 08 19 25 26 22 01 $
$ REVERSE ORDER:: $ 26 08 13 04 18 11 06 21 05 09 17 10 01 02 14 15 07 03 22 12 20 25 19 16 23 24 $
$
$ DESCRIBE ROTOR WIRING
ANGLE:: 05, INITIAL_ANGLE:: 05
$ INDEX          :: $ 01 02 03 04 05 06 07 08 09 10 11 12 13 14 15 16 17 18 19 20 21 22 23 24 25 26 $
$ FORWARD ORDER:: $ 13 20 23 08 05 11 25 22 10 02 18 19 06 07 14 24 09 17 16 21 04 12 26 01 03 15 $
$ REVERSE ORDER:: $ 24 10 25 21 05 13 14 04 17 09 06 22 01 15 26 19 18 11 12 02 20 08 03 16 07 23 $
$
$ DESCRIBE ROTOR WIRING
ANGLE:: 06, INITIAL_ANGLE:: 06
$ INDEX          :: $ 01 02 03 04 05 06 07 08 09 10 11 12 13 14 15 16 17 18 19 20 21 22 23 24 25 26 $
$ FORWARD ORDER:: $ 13 11 10 24 15 21 19 14 12 17 09 05 23 06 16 18 04 03 26 22 20 25 08 02 07 01 $
$ REVERSE ORDER:: $ 26 24 18 17 12 14 25 23 11 03 02 09 01 08 05 15 10 16 07 21 06 20 13 04 22 19 $
$
!!! ENCRYPTED MESSAGE:: before:: abcdefghij after:: kfirzqvwqf
!!!
!!! COMBINED MESSAGE:: kfirzqvwqf gpipaa
!!!
!!!! SUCCESS ENCRYPTING

!!!! SET DAILY KEY
!!! SET PLUG BOARD
!! SET WIRING OF PLUG BOARD SETTING NO. 1
!! SET WIRING OF PLUG BOARD SETTING NO. 2
$ DESCRIBE PLUG BOARD WIRING
$ FORWARD ORDER:: $ 04 02 01 03 05 06 07 08 09 10 11 12 13 14 15 16 17 18 19 20 21 22 23 24 25 26 $
$ REVERSE ORDER:: $ 03 02 04 01 05 06 07 08 09 10 11 12 13 14 15 16 17 18 19 20 21 22 23 24 25 26 $
$
!!! SUCCESS SET PLUG BOARD
!!!
!!! SET ORDER OF ROTORS
!!! SUCCESS SET ORDER OF ROTORS
!!!
!!! SET INITIAL ANGLE OF ROTORS
!! SET ANGLE OF ROTOR NO. 1
$ DESCRIBE ROTOR WIRING
ANGLE:: 00, INITIAL_ANGLE:: 00
$ INDEX          :: $ 01 02 03 04 05 06 07 08 09 10 11 12 13 14 15 16 17 18 19 20 21 22 23 24 25 26 $
$ FORWARD ORDER:: $ 13 14 18 04 09 07 17 02 10 12 06 20 03 15 16 24 11 05 23 21 08 19 25 26 22 01 $
$ REVERSE ORDER:: $ 26 08 13 04 18 11 06 21 05 09 17 10 01 02 14 15 07 03 22 12 20 25 19 16 23 24 $
$
!! SET ANGLE OF ROTOR NO. 2
$ DESCRIBE ROTOR WIRING
ANGLE:: 00, INITIAL_ANGLE:: 00
$ INDEX          :: $ 01 02 03 04 05 06 07 08 09 10 11 12 13 14 15 16 17 18 19 20 21 22 23 24 25 26 $
$ FORWARD ORDER:: $ 13 20 23 08 05 11 25 22 10 02 18 19 06 07 14 24 09 17 16 21 04 12 26 01 03 15 $
$ REVERSE ORDER:: $ 24 10 25 21 05 13 14 04 17 09 06 22 01 15 26 19 18 11 12 02 20 08 03 16 07 23 $
$
!! SET ANGLE OF ROTOR NO. 3
$ DESCRIBE ROTOR WIRING
ANGLE:: 00, INITIAL_ANGLE:: 00
$ INDEX          :: $ 01 02 03 04 05 06 07 08 09 10 11 12 13 14 15 16 17 18 19 20 21 22 23 24 25 26 $
$ FORWARD ORDER:: $ 13 11 10 24 15 21 19 14 12 17 09 05 23 06 16 18 04 03 26 22 20 25 08 02 07 01 $
$ REVERSE ORDER:: $ 26 24 18 17 12 14 25 23 11 03 02 09 01 08 05 15 10 16 07 21 06 20 13 04 22 19 $
$
!!! SUCCESS SET INITIAL ANGLE OF ROTORS
!!!
!!!! SUCCESS SET DAILY KEY
 
!!!! DECRYPTING
NUM_ENCRYPTED_MESSAGE:: 17
NUM_DECRYPTED_MESSAGE:: 10
!!! DECRYPTED COMMUNICATION KEY:: before:: gpipaa after:: refref
!!!
$ DESCRIBE ROTOR WIRING
ANGLE:: 18, INITIAL_ANGLE:: 18
$ INDEX          :: $ 01 02 03 04 05 06 07 08 09 10 11 12 13 14 15 16 17 18 19 20 21 22 23 24 25 26 $
$ FORWARD ORDER:: $ 13 14 18 04 09 07 17 02 10 12 06 20 03 15 16 24 11 05 23 21 08 19 25 26 22 01 $
$ REVERSE ORDER:: $ 26 08 13 04 18 11 06 21 05 09 17 10 01 02 14 15 07 03 22 12 20 25 19 16 23 24 $
$
$ DESCRIBE ROTOR WIRING
ANGLE:: 05, INITIAL_ANGLE:: 05
$ INDEX          :: $ 01 02 03 04 05 06 07 08 09 10 11 12 13 14 15 16 17 18 19 20 21 22 23 24 25 26 $
$ FORWARD ORDER:: $ 13 20 23 08 05 11 25 22 10 02 18 19 06 07 14 24 09 17 16 21 04 12 26 01 03 15 $
$ REVERSE ORDER:: $ 24 10 25 21 05 13 14 04 17 09 06 22 01 15 26 19 18 11 12 02 20 08 03 16 07 23 $
$
$ DESCRIBE ROTOR WIRING
ANGLE:: 06, INITIAL_ANGLE:: 06
$ INDEX          :: $ 01 02 03 04 05 06 07 08 09 10 11 12 13 14 15 16 17 18 19 20 21 22 23 24 25 26 $
$ FORWARD ORDER:: $ 13 11 10 24 15 21 19 14 12 17 09 05 23 06 16 18 04 03 26 22 20 25 08 02 07 01 $
$ REVERSE ORDER:: $ 26 24 18 17 12 14 25 23 11 03 02 09 01 08 05 15 10 16 07 21 06 20 13 04 22 19 $
$
!!! DECRYPTED MESSAGE:: before:: kfirzqvwqf gpipaa after:: abcdefghij
!!!
!!!! SUCCESS DECRYPTING

